1.000E-03 1.741E-05 4.206E-06 
1.500E-03 2.223E-05 6.141E-06 
2.000E-03 2.639E-05 8.047E-06 
2.500E-03 3.009E-05 9.911E-06 
3.000E-03 3.346E-05 1.174E-05 
4.000E-03 3.949E-05 1.527E-05 
5.000E-03 4.483E-05 1.867E-05 
6.000E-03 4.968E-05 2.194E-05 
7.000E-03 5.416E-05 2.509E-05 
8.000E-03 5.834E-05 2.813E-05 
9.000E-03 6.227E-05 3.109E-05 
1.000E-02 6.599E-05 3.395E-05 
1.250E-02 7.463E-05 4.082E-05 
1.500E-02 8.258E-05 4.737E-05 
1.750E-02 9.001E-05 5.365E-05 
2.000E-02 9.703E-05 5.971E-05 
2.250E-02 1.037E-04 6.556E-05 
2.500E-02 1.101E-04 7.126E-05 
2.750E-02 1.163E-04 7.680E-05 
3.000E-02 1.223E-04 8.223E-05 
3.500E-02 1.338E-04 9.277E-05 
4.000E-02 1.449E-04 1.030E-04 
4.500E-02 1.556E-04 1.130E-04 
5.000E-02 1.660E-04 1.228E-04 
5.500E-02 1.762E-04 1.324E-04 
6.000E-02 1.864E-04 1.420E-04 
6.500E-02 1.964E-04 1.516E-04 
7.000E-02 2.064E-04 1.611E-04 
7.500E-02 2.163E-04 1.707E-04 
8.000E-02 2.263E-04 1.803E-04 
8.500E-02 2.363E-04 1.899E-04 
9.000E-02 2.464E-04 1.997E-04 
9.500E-02 2.565E-04 2.095E-04 
1.000E-01 2.668E-04 2.194E-04 
1.250E-01 3.197E-04 2.708E-04 
1.500E-01 3.762E-04 3.260E-04 
1.750E-01 4.368E-04 3.854E-04 
2.000E-01 5.018E-04 4.491E-04 
2.250E-01 5.711E-04 5.172E-04 
2.500E-01 6.447E-04 5.895E-04 
2.750E-01 7.224E-04 6.660E-04 
3.000E-01 8.041E-04 7.465E-04 
3.500E-01 9.789E-04 9.189E-04 
4.000E-01 1.168E-03 1.106E-03 
4.500E-01 1.371E-03 1.306E-03 
5.000E-01 1.586E-03 1.518E-03 
5.500E-01 1.813E-03 1.743E-03 
6.000E-01 2.052E-03 1.979E-03 
6.500E-01 2.301E-03 2.226E-03 
7.000E-01 2.561E-03 2.483E-03 
7.500E-01 2.832E-03 2.751E-03 
8.000E-01 3.112E-03 3.029E-03 
8.500E-01 3.403E-03 3.316E-03 
9.000E-01 3.704E-03 3.614E-03 
9.500E-01 4.015E-03 3.922E-03 
1.000E+00 4.336E-03 4.240E-03 
1.250E+00 6.090E-03 5.979E-03 
1.500E+00 8.087E-03 7.960E-03 
1.750E+00 1.031E-02 1.017E-02 
2.000E+00 1.276E-02 1.260E-02 
2.250E+00 1.543E-02 1.524E-02 
2.500E+00 1.830E-02 1.809E-02 
2.750E+00 2.137E-02 2.115E-02 
3.000E+00 2.465E-02 2.440E-02 
3.500E+00 3.179E-02 3.149E-02 
4.000E+00 3.969E-02 3.934E-02 
4.500E+00 4.833E-02 4.793E-02 
5.000E+00 5.770E-02 5.724E-02 
5.500E+00 6.778E-02 6.726E-02 
6.000E+00 7.856E-02 7.798E-02 
6.500E+00 9.002E-02 8.937E-02 
7.000E+00 1.022E-01 1.014E-01 
7.500E+00 1.150E-01 1.142E-01 
8.000E+00 1.284E-01 1.276E-01 
8.500E+00 1.425E-01 1.416E-01 
9.000E+00 1.573E-01 1.563E-01 
9.500E+00 1.727E-01 1.716E-01 
1.000E+01 1.887E-01 1.875E-01 
1.250E+01 2.780E-01 2.764E-01 
1.500E+01 3.823E-01 3.801E-01 
1.750E+01 5.009E-01 4.981E-01 
2.000E+01 6.335E-01 6.301E-01 
2.500E+01 9.390E-01 9.342E-01 
2.750E+01 1.111E+00 1.106E+00 
3.000E+01 1.296E+00 1.290E+00 
3.500E+01 1.704E+00 1.695E+00 
4.000E+01 2.159E+00 2.149E+00 
4.500E+01 2.661E+00 2.649E+00 
5.000E+01 3.208E+00 3.193E+00 
5.500E+01 3.799E+00 3.782E+00 
6.000E+01 4.433E+00 4.413E+00 
6.500E+01 5.108E+00 5.086E+00 
7.000E+01 5.824E+00 5.799E+00 
7.500E+01 6.580E+00 6.552E+00 
8.000E+01 7.375E+00 7.344E+00 
8.500E+01 8.207E+00 8.173E+00 
9.000E+01 9.077E+00 9.040E+00 
9.500E+01 9.983E+00 9.942E+00 
1.000E+02 1.092E+01 1.088E+01 
1.250E+02 1.614E+01 1.608E+01 
1.500E+02 2.215E+01 2.207E+01 
1.750E+02 2.888E+01 2.877E+01 
2.000E+02 3.627E+01 3.614E+01 
2.250E+02 4.426E+01 4.411E+01 
2.500E+02 5.282E+01 5.264E+01 
2.750E+02 6.189E+01 6.168E+01 
3.000E+02 7.144E+01 7.120E+01 
3.500E+02 9.184E+01 9.154E+01 
4.000E+02 1.138E+02 1.134E+02 
4.500E+02 1.370E+02 1.366E+02 
5.000E+02 1.614E+02 1.610E+02 
5.500E+02 1.869E+02 1.863E+02 
6.000E+02 2.132E+02 2.126E+02 
6.500E+02 2.403E+02 2.396E+02 
7.000E+02 2.681E+02 2.674E+02 
7.500E+02 2.965E+02 2.957E+02 
8.000E+02 3.254E+02 3.246E+02 
8.500E+02 3.548E+02 3.539E+02 
9.000E+02 3.846E+02 3.837E+02 
9.500E+02 4.148E+02 4.138E+02 
1.000E+03 4.454E+02 4.443E+02 
1.500E+03 7.626E+02 7.611E+02 
2.000E+03 1.090E+03 1.088E+03 
2.500E+03 1.418E+03 1.416E+03 
3.000E+03 1.745E+03 1.743E+03 
4.000E+03 2.391E+03 2.388E+03 
5.000E+03 3.022E+03 3.018E+03 
6.000E+03 3.640E+03 3.636E+03 
7.000E+03 4.246E+03 4.242E+03 
8.000E+03 4.842E+03 4.838E+03 
9.000E+03 5.428E+03 5.424E+03 
1.000E+04 6.005E+03 6.001E+03 
